618
370
362
617
451
596
480
410
365
368
384
583
466
619
527
78
481
353
457
369
532
484
473
395
577
598
595
423
574
575
424
420
465
425
432
418
578
409
390
534
542
614
545
543
615
548
547
546
616
540
544
535
536
537
521
538
541
539
396
461
462
441
439
503
479
513
438
431
413
528
436
582
433
550
363
372
567
426
560
428
569
496
455
361
383
387
340
435
572
524
412
529
381
382
594
602
589
477
474
443
456
446
445
599
509
562
565
563
564
449
600
491
490
367
464
394
419
556
591
476
551
478
405
608
588
549
494
579
400
373
360
434
520
511
514
482
398
468
447
604
458
375
557
508
493
416
440
357
469
359
437
356
389
388
502
593
499
483
351
366
518
454
597
587
355
376
504
467
525
590
421
422
386
391
402
450
603
430
452
606
374
485
584
401
506
487
573
459
448
358
346
371
364
403
522
523
399
397
571
580
408
609
570
393
607
507
501
392
610
415
531
379
489
495
558
471
378
444
553
554
526
472
519
555
530
515
516
492
592
576
406
568
581
585
533
486
586
566
605
453
601
500
414
611
417
612
613
377
470
341
626